16.741938358333336
100.198855953333322
16.739795643333334
100.199340141666653
16.738727396666665
100.199491295000016 
16.73775979
100.199512693333332
16.737574915
100.19947123499999  
16.737418301666668
100.199428958333343   
16.737320556666667
100.19938810666666  
16.737193115
100.199323599999985     
16.737038391666662
100.199221168333352
16.73687643666667
100.199078591666677 
16.736737265
100.198910450000014   
16.736624118333335
100.198737175   
16.736344808333335
100.198136865      
16.735882611666668
100.197079116666671   
16.7354519
100.195937735000015
16.735436005
100.19567154
16.73546426
100.195414199999988
16.735536488333331
100.195170488333332  
16.735650148333331
100.194945286666666   
16.735808845
100.194756001666676
16.73599621666667
100.194595008333323
16.736205246666668
100.194460723333336
16.736427403333337
100.19434505833334
16.736665173333336
100.19425660166668
16.736915666666668
100.194198016666675   
16.737172943333331
100.194179106666681
16.737787386666664
100.194169871666674
16.739082795
100.194011031666676  
16.739324038333333
100.19394791
16.73955973166667
100.193877938333344
16.739819195
100.19379231500001  
16.74056964333333
100.193479721666662    
16.741710748333333
100.192823330000024  
16.742683293333332
100.192216055
16.743826791666667
100.191510111666659
16.74489991
100.19082571666668
16.74595279
100.190163506666678
16.74683653
100.18965046833334
16.746965546666669
100.189613901666661   
16.747225475
100.189600485000014      
16.747460235
100.18965481
16.74770077
100.189765704999985
16.747948516666668
100.18990209
16.74854498
100.19020084    
16.749171865
100.190207596666667
16.74940775
100.190102508333354    
16.749614961666669
100.189946583333338   
16.749773171666668
100.189759988333336
16.749960156666667
100.189408941666656
16.750053205
100.189287658333342
16.750214011666667
100.189277940000025
16.750762
100.189537890000011
16.750838625
100.189661315
16.750774983333333
100.189862625
16.750654795
100.190082946666664
16.750257765
100.19079944166667   
16.749803418333332
100.191782738333359   
16.7497493
100.19203707
16.7497256
100.192292989999984
16.74972176
100.192560154999981
16.74974292
100.1928163  
16.74977904
100.193014701666641   
16.749809616666671
100.19317895333333
16.74985018666667
100.19339917500001
16.74992061333333
100.194103295
16.749883283333332
100.194337338333341
16.749816546666668
100.194520921666665
16.749739215
100.194684746666667
16.749643888333331
100.19486863
16.749526888333332
100.195032285000025
16.749364028333332
100.195194963333336
16.749162728333335
100.19534766
16.748521818333334
100.195696646666661
16.747450853333333
100.19630919
16.74630899
100.19695954666669
16.745074526666667
100.197610833333329
16.744816093333334
100.197678309999986
16.744563036666666
100.197695866666663
16.744309006666668
100.197706580000016
16.744085598333335
100.197751823333334
16.743549615
100.198104376666663
16.742936901666667
100.198497696666678
16.741953471480766 
100.19885003437527
